40 65 63 68 6f 20 6f 66  66 0a 63 64 20 2f 64 20
25 7e 64 70 30 0a 0a 73  65 74 20 22 45 4e 56 5f
46 49 4c 45 3d 73 65 63  75 72 65 5f 69 64 65 6e
74 69 74 79 5f 73 79 73  74 65 6d 5c 2e 65 6e 76
22 0a 69 66 20 65 78 69  73 74 20 22 25 45 4e 56
5f 46 49 4c 45 25 22 20  28 0a 20 20 66 6f 72 20
2f 66 20 22 75 73 65 62  61 63 6b 71 20 74 6f 6b
65 6e 73 3d 31 2a 20 64  65 6c 69 6d 73 3d 3d 20
65 6f 6c 3d 23 22 20 25  25 41 20 69 6e 20 28 22
25 45 4e 56 5f 46 49 4c  45 25 22 29 20 64 6f 20
28 0a 20 20 20 20 69 66  20 6e 6f 74 20 22 25 25
41 22 3d 3d 22 22 20 28  0a 20 20 20 20 20 20 73
65 74 20 22 25 25 41 3d  25 25 42 22 0a 20 20 20
20 29 0a 20 20 29 0a 29  0a 0a 69 66 20 6e 6f 74
20 65 78 69 73 74 20 22  2e 76 65 6e 76 5c 53 63
72 69 70 74 73 5c 70 79  74 68 6f 6e 2e 65 78 65
22 20 28 0a 20 20 65 63  68 6f 20 56 69 72 74 75
61 6c 20 65 6e 76 69 72  6f 6e 6d 65 6e 74 20 69
73 20 6d 69 73 73 69 6e  67 20 61 74 20 2e 76 65
6e 76 5c 53 63 72 69 70  74 73 5c 70 79 74 68 6f
6e 2e 65 78 65 0a 20 20  65 78 69 74 20 2f 62 20
31 0a 29 0a 0a 73 74 61  72 74 20 22 53 65 63 75
72 65 20 49 64 65 6e 74  69 74 79 20 53 65 72 76
65 72 22 20 22 2e 76 65  6e 76 5c 53 63 72 69 70
74 73 5c 70 79 74 68 6f  6e 2e 65 78 65 22 20 2d
6d 20 66 6c 61 73 6b 20  2d 2d 61 70 70 20 73 65
63 75 72 65 5f 69 64 65  6e 74 69 74 79 5f 73 79
73 74 65 6d 5c 62 61 63  6b 65 6e 64 5c 61 70 70
2e 70 79 20 72 75 6e 20  2d 2d 68 6f 73 74 20 31
32 37 2e 30 2e 30 2e 31  20 2d 2d 70 6f 72 74 20
35 30 35 35 0a 69 66 20  65 78 69 73 74 20 22 25
53 79 73 74 65 6d 52 6f  6f 74 25 5c 53 79 73 74
65 6d 33 32 5c 74 69 6d  65 6f 75 74 2e 65 78 65
22 20 28 0a 20 20 22 25  53 79 73 74 65 6d 52 6f
6f 74 25 5c 53 79 73 74  65 6d 33 32 5c 74 69 6d
65 6f 75 74 2e 65 78 65  22 20 2f 74 20 33 20 3e
20 6e 75 6c 0a 29 0a 73  74 61 72 74 20 22 22 20
68 74 74 70 3a 2f 2f 31  32 37 2e 30 2e 30 2e 31
3a 35 30 35 35 0a 0a 65  63 68 6f 20 53 65 63 75
72 65 20 49 64 65 6e 74  69 74 79 20 73 74 61 72
74 65 64 20 61 74 20 68  74 74 70 3a 2f 2f 31 32
37 2e 30 2e 30 2e 31 3a  35 30 35 35 0a
